Województwo,Kwartał,Rok,Stopa bezrobocia [%]
DOLNOŚLĄSKIE,1,2016,8.9
KUJAWSKO-POMORSKIE,1,2016,13.733333333333334
LUBELSKIE,1,2016,12.0
LUBUSKIE,1,2016,10.9
MAZOWIECKIE,1,2016,8.533333333333333
MAŁOPOLSKIE,1,2016,8.566666666666666
OPOLSKIE,1,2016,10.466666666666667
PODKARPACKIE,1,2016,13.566666666666668
PODLASKIE,1,2016,12.166666666666666
POLSKA,1,2016,10.1
POMORSKIE,1,2016,9.200000000000001
WARMIŃSKO-MAZURSKIE,1,2016,16.73333333333333
WIELKOPOLSKIE,1,2016,6.333333333333333
ZACHODNIOPOMORSKIE,1,2016,13.566666666666668
ŁÓDZKIE,1,2016,10.666666666666666
ŚLĄSKIE,1,2016,8.4
ŚWIĘTOKRZYSKIE,1,2016,12.9
DOLNOŚLĄSKIE,2,2016,8.033333333333333
KUJAWSKO-POMORSKIE,2,2016,12.6
LUBELSKIE,2,2016,10.866666666666667
LUBUSKIE,2,2016,9.433333333333334
MAZOWIECKIE,2,2016,7.8999999999999995
MAŁOPOLSKIE,2,2016,7.6000000000000005
OPOLSKIE,2,2016,9.466666666666667
PODKARPACKIE,2,2016,12.133333333333333
PODLASKIE,2,2016,11.133333333333333
POLSKA,2,2016,9.066666666666666
POMORSKIE,2,2016,8.066666666666666
WARMIŃSKO-MAZURSKIE,2,2016,14.933333333333332
WIELKOPOLSKIE,2,2016,5.6000000000000005
ZACHODNIOPOMORSKIE,2,2016,11.766666666666666
ŁÓDZKIE,2,2016,9.666666666666666
ŚLĄSKIE,2,2016,7.566666666666666
ŚWIĘTOKRZYSKIE,2,2016,11.666666666666666
DOLNOŚLĄSKIE,3,2016,7.3999999999999995
KUJAWSKO-POMORSKIE,3,2016,11.799999999999999
LUBELSKIE,3,2016,10.133333333333333
LUBUSKIE,3,2016,8.633333333333333
MAZOWIECKIE,3,2016,7.5
MAŁOPOLSKIE,3,2016,6.833333333333333
OPOLSKIE,3,2016,8.9
PODKARPACKIE,3,2016,11.5
PODLASKIE,3,2016,10.633333333333333
POLSKA,3,2016,8.4
POMORSKIE,3,2016,7.333333333333333
WARMIŃSKO-MAZURSKIE,3,2016,13.799999999999999
WIELKOPOLSKIE,3,2016,5.166666666666667
ZACHODNIOPOMORSKIE,3,2016,10.700000000000001
ŁÓDZKIE,3,2016,8.9
ŚLĄSKIE,3,2016,6.8
ŚWIĘTOKRZYSKIE,3,2016,10.966666666666667
DOLNOŚLĄSKIE,4,2016,7.2
KUJAWSKO-POMORSKIE,4,2016,11.766666666666666
LUBELSKIE,4,2016,10.1
LUBUSKIE,4,2016,8.466666666666667
MAZOWIECKIE,4,2016,7.1000000000000005
MAŁOPOLSKIE,4,2016,6.599999999999999
OPOLSKIE,4,2016,8.799999999999999
PODKARPACKIE,4,2016,11.4
PODLASKIE,4,2016,10.366666666666667
POLSKA,4,2016,8.2
POMORSKIE,4,2016,7.166666666666667
WARMIŃSKO-MAZURSKIE,4,2016,13.933333333333332
WIELKOPOLSKIE,4,2016,4.966666666666667
ZACHODNIOPOMORSKIE,4,2016,10.733333333333334
ŁÓDZKIE,4,2016,8.533333333333333
ŚLĄSKIE,4,2016,6.599999999999999
ŚWIĘTOKRZYSKIE,4,2016,10.733333333333334
DOLNOŚLĄSKIE,1,2017,7.333333333333333
KUJAWSKO-POMORSKIE,1,2017,12.200000000000001
LUBELSKIE,1,2017,10.5
LUBUSKIE,1,2017,8.566666666666666
MAZOWIECKIE,1,2017,7.0
MAŁOPOLSKIE,1,2017,6.633333333333333
OPOLSKIE,1,2017,9.133333333333333
PODKARPACKIE,1,2017,11.566666666666668
PODLASKIE,1,2017,10.4
POLSKA,1,2017,8.299999999999999
POMORSKIE,1,2017,7.1000000000000005
WARMIŃSKO-MAZURSKIE,1,2017,14.433333333333332
WIELKOPOLSKIE,1,2017,5.033333333333333
ZACHODNIOPOMORSKIE,1,2017,11.1
ŁÓDZKIE,1,2017,8.6
ŚLĄSKIE,1,2017,6.666666666666667
ŚWIĘTOKRZYSKIE,1,2017,10.799999999999999
DOLNOŚLĄSKIE,2,2017,6.533333333333334
KUJAWSKO-POMORSKIE,2,2017,10.9
LUBELSKIE,2,2017,9.299999999999999
LUBUSKIE,2,2017,7.466666666666666
MAZOWIECKIE,2,2017,6.3999999999999995
MAŁOPOLSKIE,2,2017,5.866666666666667
OPOLSKIE,2,2017,8.066666666666666
PODKARPACKIE,2,2017,10.233333333333333
PODLASKIE,2,2017,9.366666666666667
POLSKA,2,2017,7.3
POMORSKIE,2,2017,6.1000000000000005
WARMIŃSKO-MAZURSKIE,2,2017,12.6
WIELKOPOLSKIE,2,2017,4.3
ZACHODNIOPOMORSKIE,2,2017,9.666666666666666
ŁÓDZKIE,2,2017,7.7
ŚLĄSKIE,2,2017,5.8999999999999995
ŚWIĘTOKRZYSKIE,2,2017,9.466666666666667
DOLNOŚLĄSKIE,3,2017,6.166666666666667
KUJAWSKO-POMORSKIE,3,2017,10.233333333333333
LUBELSKIE,3,2017,8.833333333333334
LUBUSKIE,3,2017,6.933333333333334
MAZOWIECKIE,3,2017,6.033333333333334
MAŁOPOLSKIE,3,2017,5.566666666666666
OPOLSKIE,3,2017,7.533333333333334
PODKARPACKIE,3,2017,9.766666666666667
PODLASKIE,3,2017,9.033333333333333
POLSKA,3,2017,6.933333333333334
POMORSKIE,3,2017,5.7
WARMIŃSKO-MAZURSKIE,3,2017,11.866666666666667
WIELKOPOLSKIE,3,2017,4.066666666666666
ZACHODNIOPOMORSKIE,3,2017,8.966666666666667
ŁÓDZKIE,3,2017,7.233333333333333
ŚLĄSKIE,3,2017,5.566666666666666
ŚWIĘTOKRZYSKIE,3,2017,9.033333333333333
DOLNOŚLĄSKIE,4,2017,5.7
KUJAWSKO-POMORSKIE,4,2017,9.833333333333334
LUBELSKIE,4,2017,8.633333333333333
LUBUSKIE,4,2017,6.466666666666666
MAZOWIECKIE,4,2017,5.599999999999999
MAŁOPOLSKIE,4,2017,5.3
OPOLSKIE,4,2017,7.033333333333334
PODKARPACKIE,4,2017,9.566666666666666
PODLASKIE,4,2017,8.5
POLSKA,4,2017,6.566666666666666
POMORSKIE,4,2017,5.466666666666666
WARMIŃSKO-MAZURSKIE,4,2017,11.6
WIELKOPOLSKIE,4,2017,3.733333333333333
ZACHODNIOPOMORSKIE,4,2017,8.566666666666666
ŁÓDZKIE,4,2017,6.733333333333333
ŚLĄSKIE,4,2017,5.133333333333333
ŚWIĘTOKRZYSKIE,4,2017,8.666666666666666
DOLNOŚLĄSKIE,1,2018,5.866666666666667
KUJAWSKO-POMORSKIE,1,2018,10.1
LUBELSKIE,1,2018,8.9
LUBUSKIE,1,2018,6.8
MAZOWIECKIE,1,2018,5.633333333333333
MAŁOPOLSKIE,1,2018,5.433333333333334
OPOLSKIE,1,2018,7.3
PODKARPACKIE,1,2018,9.799999999999999
PODLASKIE,1,2018,8.633333333333333
POLSKA,1,2018,6.733333333333333
POMORSKIE,1,2018,5.533333333333334
WARMIŃSKO-MAZURSKIE,1,2018,12.0
WIELKOPOLSKIE,1,2018,3.8000000000000003
ZACHODNIOPOMORSKIE,1,2018,8.733333333333334
ŁÓDZKIE,1,2018,6.8999999999999995
ŚLĄSKIE,1,2018,5.233333333333333
ŚWIĘTOKRZYSKIE,1,2018,9.233333333333334
DOLNOŚLĄSKIE,2,2018,5.3999999999999995
KUJAWSKO-POMORSKIE,2,2018,9.1
LUBELSKIE,2,2018,8.066666666666668
LUBUSKIE,2,2018,6.0
MAZOWIECKIE,2,2018,5.166666666666667
MAŁOPOLSKIE,2,2018,4.8999999999999995
OPOLSKIE,2,2018,6.433333333333334
PODKARPACKIE,2,2018,8.933333333333332
PODLASKIE,2,2018,8.033333333333333
POLSKA,2,2018,6.066666666666666
POMORSKIE,2,2018,4.966666666666666
WARMIŃSKO-MAZURSKIE,2,2018,10.5
WIELKOPOLSKIE,2,2018,3.3666666666666667
ZACHODNIOPOMORSKIE,2,2018,7.633333333333333
ŁÓDZKIE,2,2018,6.333333333333333
ŚLĄSKIE,2,2018,4.7
ŚWIĘTOKRZYSKIE,2,2018,8.4
DOLNOŚLĄSKIE,3,2018,5.1
KUJAWSKO-POMORSKIE,3,2018,8.633333333333333
LUBELSKIE,3,2018,7.766666666666667
LUBUSKIE,3,2018,5.766666666666667
MAZOWIECKIE,3,2018,4.966666666666667
MAŁOPOLSKIE,3,2018,4.7
OPOLSKIE,3,2018,6.1000000000000005
PODKARPACKIE,3,2018,8.6
PODLASKIE,3,2018,7.666666666666667
POLSKA,3,2018,5.766666666666667
POMORSKIE,3,2018,4.733333333333333
WARMIŃSKO-MAZURSKIE,3,2018,9.9
WIELKOPOLSKIE,3,2018,3.2000000000000006
ZACHODNIOPOMORSKIE,3,2018,7.099999999999999
ŁÓDZKIE,3,2018,6.099999999999999
ŚLĄSKIE,3,2018,4.433333333333334
ŚWIĘTOKRZYSKIE,3,2018,8.166666666666666
DOLNOŚLĄSKIE,4,2018,5.1000000000000005
KUJAWSKO-POMORSKIE,4,2018,8.633333333333333
LUBELSKIE,4,2018,7.833333333333333
LUBUSKIE,4,2018,5.7
MAZOWIECKIE,4,2018,4.833333333333333
MAŁOPOLSKIE,4,2018,4.666666666666667
OPOLSKIE,4,2018,6.1000000000000005
PODKARPACKIE,4,2018,8.566666666666666
PODLASKIE,4,2018,7.6000000000000005
POLSKA,4,2018,5.733333333333333
POMORSKIE,4,2018,4.833333333333333
WARMIŃSKO-MAZURSKIE,4,2018,10.133333333333333
WIELKOPOLSKIE,4,2018,3.1333333333333333
ZACHODNIOPOMORSKIE,4,2018,7.3
ŁÓDZKIE,4,2018,6.033333333333334
ŚLĄSKIE,4,2018,4.3
ŚWIĘTOKRZYSKIE,4,2018,8.1
DOLNOŚLĄSKIE,1,2019,5.366666666666667
KUJAWSKO-POMORSKIE,1,2019,9.033333333333333
LUBELSKIE,1,2019,8.166666666666666
LUBUSKIE,1,2019,6.033333333333334
MAZOWIECKIE,1,2019,5.0
MAŁOPOLSKIE,1,2019,4.833333333333333
OPOLSKIE,1,2019,6.366666666666667
PODKARPACKIE,1,2019,8.9
PODLASKIE,1,2019,7.833333333333333
POLSKA,1,2019,6.033333333333334
POMORSKIE,1,2019,5.166666666666667
WARMIŃSKO-MAZURSKIE,1,2019,10.733333333333334
WIELKOPOLSKIE,1,2019,3.266666666666667
ZACHODNIOPOMORSKIE,1,2019,7.7
ŁÓDZKIE,1,2019,6.233333333333333
ŚLĄSKIE,1,2019,4.5
ŚWIĘTOKRZYSKIE,1,2019,8.566666666666668
DOLNOŚLĄSKIE,2,2019,4.8999999999999995
KUJAWSKO-POMORSKIE,2,2019,8.133333333333333
LUBELSKIE,2,2019,7.5
LUBUSKIE,2,2019,5.266666666666667
MAZOWIECKIE,2,2019,4.6000000000000005
MAŁOPOLSKIE,2,2019,4.333333333333333
OPOLSKIE,2,2019,5.733333333333333
PODKARPACKIE,2,2019,8.066666666666668
PODLASKIE,2,2019,7.133333333333333
POLSKA,2,2019,5.433333333333334
POMORSKIE,2,2019,4.6000000000000005
WARMIŃSKO-MAZURSKIE,2,2019,9.266666666666666
WIELKOPOLSKIE,2,2019,2.9
ZACHODNIOPOMORSKIE,2,2019,6.866666666666667
ŁÓDZKIE,2,2019,5.733333333333333
ŚLĄSKIE,2,2019,4.033333333333334
ŚWIĘTOKRZYSKIE,2,2019,7.8
DOLNOŚLĄSKIE,3,2019,4.666666666666667
KUJAWSKO-POMORSKIE,3,2019,7.7
LUBELSKIE,3,2019,7.166666666666667
LUBUSKIE,3,2019,4.8999999999999995
MAZOWIECKIE,3,2019,4.466666666666667
MAŁOPOLSKIE,3,2019,4.133333333333333
OPOLSKIE,3,2019,5.566666666666666
PODKARPACKIE,3,2019,7.766666666666667
PODLASKIE,3,2019,6.900000000000001
POLSKA,3,2019,5.166666666666667
POMORSKIE,3,2019,4.4
WARMIŃSKO-MAZURSKIE,3,2019,8.700000000000001
WIELKOPOLSKIE,3,2019,2.7999999999999994
ZACHODNIOPOMORSKIE,3,2019,6.5
ŁÓDZKIE,3,2019,5.5
ŚLĄSKIE,3,2019,3.733333333333333
ŚWIĘTOKRZYSKIE,3,2019,7.7
DOLNOŚLĄSKIE,4,2019,4.533333333333333
KUJAWSKO-POMORSKIE,4,2019,7.666666666666667
LUBELSKIE,4,2019,7.266666666666667
LUBUSKIE,4,2019,4.766666666666667
MAZOWIECKIE,4,2019,4.333333333333333
MAŁOPOLSKIE,4,2019,4.033333333333333
OPOLSKIE,4,2019,5.566666666666666
PODKARPACKIE,4,2019,7.733333333333333
PODLASKIE,4,2019,6.866666666666667
POLSKA,4,2019,5.1000000000000005
POMORSKIE,4,2019,4.433333333333334
WARMIŃSKO-MAZURSKIE,4,2019,8.799999999999999
WIELKOPOLSKIE,4,2019,2.7999999999999994
ZACHODNIOPOMORSKIE,4,2019,6.633333333333333
ŁÓDZKIE,4,2019,5.333333333333333
ŚLĄSKIE,4,2019,3.6
ŚWIĘTOKRZYSKIE,4,2019,7.766666666666667
DOLNOŚLĄSKIE,1,2020,4.866666666666667
KUJAWSKO-POMORSKIE,1,2020,8.133333333333333
LUBELSKIE,1,2020,7.7
LUBUSKIE,1,2020,5.266666666666667
MAZOWIECKIE,1,2020,4.566666666666666
MAŁOPOLSKIE,1,2020,4.3
OPOLSKIE,1,2020,6.066666666666666
PODKARPACKIE,1,2020,8.3
PODLASKIE,1,2020,7.2
POLSKA,1,2020,5.466666666666666
POMORSKIE,1,2020,4.8
WARMIŃSKO-MAZURSKIE,1,2020,9.633333333333333
WIELKOPOLSKIE,1,2020,3.1
ZACHODNIOPOMORSKIE,1,2020,7.2
ŁÓDZKIE,1,2020,5.633333333333333
ŚLĄSKIE,1,2020,3.9
ŚWIĘTOKRZYSKIE,1,2020,8.266666666666667
DOLNOŚLĄSKIE,2,2020,5.3999999999999995
KUJAWSKO-POMORSKIE,2,2020,8.6
LUBELSKIE,2,2020,8.033333333333333
LUBUSKIE,2,2020,5.966666666666666
MAZOWIECKIE,2,2020,4.866666666666667
MAŁOPOLSKIE,2,2020,4.933333333333334
OPOLSKIE,2,2020,6.8
PODKARPACKIE,2,2020,8.866666666666667
PODLASKIE,2,2020,7.6000000000000005
POLSKA,2,2020,5.966666666666666
POMORSKIE,2,2020,5.3999999999999995
WARMIŃSKO-MAZURSKIE,2,2020,10.333333333333334
WIELKOPOLSKIE,2,2020,3.5666666666666664
ZACHODNIOPOMORSKIE,2,2020,7.8999999999999995
ŁÓDZKIE,2,2020,6.0
ŚLĄSKIE,2,2020,4.466666666666667
ŚWIĘTOKRZYSKIE,2,2020,8.533333333333333
DOLNOŚLĄSKIE,3,2020,5.666666666666667
KUJAWSKO-POMORSKIE,3,2020,8.7
LUBELSKIE,3,2020,8.033333333333333
LUBUSKIE,3,2020,6.099999999999999
MAZOWIECKIE,3,2020,5.1
MAŁOPOLSKIE,3,2020,5.166666666666667
OPOLSKIE,3,2020,6.866666666666667
PODKARPACKIE,3,2020,8.966666666666667
PODLASKIE,3,2020,7.666666666666667
POLSKA,3,2020,6.099999999999999
POMORSKIE,3,2020,5.6000000000000005
WARMIŃSKO-MAZURSKIE,3,2020,10.033333333333333
WIELKOPOLSKIE,3,2020,3.7000000000000006
ZACHODNIOPOMORSKIE,3,2020,7.900000000000001
ŁÓDZKIE,3,2020,6.2
ŚLĄSKIE,3,2020,4.766666666666667
ŚWIĘTOKRZYSKIE,3,2020,8.6
DOLNOŚLĄSKIE,4,2020,5.533333333333334
KUJAWSKO-POMORSKIE,4,2020,8.766666666666666
LUBELSKIE,4,2020,8.033333333333333
LUBUSKIE,4,2020,6.166666666666667
MAZOWIECKIE,4,2020,5.133333333333333
MAŁOPOLSKIE,4,2020,5.266666666666667
OPOLSKIE,4,2020,6.766666666666667
PODKARPACKIE,4,2020,8.966666666666667
PODLASKIE,4,2020,7.666666666666667
POLSKA,4,2020,6.166666666666667
POMORSKIE,4,2020,5.833333333333333
WARMIŃSKO-MAZURSKIE,4,2020,9.966666666666667
WIELKOPOLSKIE,4,2020,3.7000000000000006
ZACHODNIOPOMORSKIE,4,2020,8.133333333333333
ŁÓDZKIE,4,2020,6.133333333333333
ŚLĄSKIE,4,2020,4.833333333333333
ŚWIĘTOKRZYSKIE,4,2020,8.366666666666667
DOLNOŚLĄSKIE,1,2021,5.833333333333333
KUJAWSKO-POMORSKIE,1,2021,9.333333333333334
LUBELSKIE,1,2021,8.433333333333334
LUBUSKIE,1,2021,6.5
MAZOWIECKIE,1,2021,5.333333333333333
MAŁOPOLSKIE,1,2021,5.566666666666666
OPOLSKIE,1,2021,7.2
PODKARPACKIE,1,2021,9.4
PODLASKIE,1,2021,8.133333333333333
POLSKA,1,2021,6.5
POMORSKIE,1,2021,6.3
WARMIŃSKO-MAZURSKIE,1,2021,10.700000000000001
WIELKOPOLSKIE,1,2021,3.9333333333333336
ZACHODNIOPOMORSKIE,1,2021,8.733333333333334
ŁÓDZKIE,1,2021,6.466666666666666
ŚLĄSKIE,1,2021,5.2
ŚWIĘTOKRZYSKIE,1,2021,8.833333333333334
DOLNOŚLĄSKIE,2,2021,5.566666666666666
KUJAWSKO-POMORSKIE,2,2021,8.666666666666666
LUBELSKIE,2,2021,7.933333333333334
LUBUSKIE,2,2021,5.933333333333334
MAZOWIECKIE,2,2021,5.1000000000000005
MAŁOPOLSKIE,2,2021,5.2
OPOLSKIE,2,2021,6.633333333333333
PODKARPACKIE,2,2021,8.766666666666667
PODLASKIE,2,2021,7.7
POLSKA,2,2021,6.133333333333333
POMORSKIE,2,2021,6.0
WARMIŃSKO-MAZURSKIE,2,2021,9.766666666666667
WIELKOPOLSKIE,2,2021,3.6666666666666665
ZACHODNIOPOMORSKIE,2,2021,8.200000000000001
ŁÓDZKIE,2,2021,6.266666666666667
ŚLĄSKIE,2,2021,4.966666666666666
ŚWIĘTOKRZYSKIE,2,2021,8.200000000000001
DOLNOŚLĄSKIE,3,2021,5.166666666666667
KUJAWSKO-POMORSKIE,3,2021,8.066666666666666
LUBELSKIE,3,2021,7.466666666666666
LUBUSKIE,3,2021,5.433333333333334
MAZOWIECKIE,3,2021,4.866666666666667
MAŁOPOLSKIE,3,2021,4.866666666666667
OPOLSKIE,3,2021,6.266666666666667
PODKARPACKIE,3,2021,8.433333333333334
PODLASKIE,3,2021,7.333333333333333
POLSKA,3,2021,5.766666666666667
POMORSKIE,3,2021,5.6000000000000005
WARMIŃSKO-MAZURSKIE,3,2021,8.833333333333334
WIELKOPOLSKIE,3,2021,3.4
ZACHODNIOPOMORSKIE,3,2021,7.5
ŁÓDZKIE,3,2021,6.0
ŚLĄSKIE,3,2021,4.666666666666667
ŚWIĘTOKRZYSKIE,3,2021,7.7
DOLNOŚLĄSKIE,4,2021,4.866666666666667
KUJAWSKO-POMORSKIE,4,2021,7.8
LUBELSKIE,4,2021,7.633333333333333
LUBUSKIE,4,2021,5.0
MAZOWIECKIE,4,2021,4.633333333333333
MAŁOPOLSKIE,4,2021,4.733333333333333
OPOLSKIE,4,2021,6.1000000000000005
PODKARPACKIE,4,2021,8.700000000000001
PODLASKIE,4,2021,7.266666666666667
POLSKA,4,2021,5.566666666666666
POMORSKIE,4,2021,5.233333333333333
WARMIŃSKO-MAZURSKIE,4,2021,8.733333333333333
WIELKOPOLSKIE,4,2021,3.1666666666666665
ZACHODNIOPOMORSKIE,4,2021,7.133333333333333
ŁÓDZKIE,4,2021,5.866666666666667
ŚLĄSKIE,4,2021,4.333333333333333
ŚWIĘTOKRZYSKIE,4,2021,7.766666666666667
DOLNOŚLĄSKIE,1,2022,4.966666666666667
KUJAWSKO-POMORSKIE,1,2022,8.166666666666666
LUBELSKIE,1,2022,8.933333333333334
LUBUSKIE,1,2022,5.1000000000000005
MAZOWIECKIE,1,2022,4.766666666666667
MAŁOPOLSKIE,1,2022,5.066666666666666
OPOLSKIE,1,2022,6.5
PODKARPACKIE,1,2022,9.966666666666667
PODLASKIE,1,2022,7.966666666666666
POLSKA,1,2022,5.866666666666667
POMORSKIE,1,2022,5.233333333333333
WARMIŃSKO-MAZURSKIE,1,2022,9.433333333333332
WIELKOPOLSKIE,1,2022,3.266666666666667
ZACHODNIOPOMORSKIE,1,2022,7.433333333333334
ŁÓDZKIE,1,2022,6.233333333333333
ŚLĄSKIE,1,2022,4.4
ŚWIĘTOKRZYSKIE,1,2022,8.833333333333334
DOLNOŚLĄSKIE,2,2022,4.666666666666667
KUJAWSKO-POMORSKIE,2,2022,7.5
LUBELSKIE,2,2022,8.333333333333334
LUBUSKIE,2,2022,4.6000000000000005
MAZOWIECKIE,2,2022,4.5
MAŁOPOLSKIE,2,2022,4.666666666666667
OPOLSKIE,2,2022,6.133333333333333
PODKARPACKIE,2,2022,9.133333333333333
PODLASKIE,2,2022,7.466666666666666
POLSKA,2,2022,5.3999999999999995
POMORSKIE,2,2022,4.7
WARMIŃSKO-MAZURSKIE,2,2022,8.433333333333334
WIELKOPOLSKIE,2,2022,2.9333333333333336
ZACHODNIOPOMORSKIE,2,2022,6.866666666666667
ŁÓDZKIE,2,2022,5.966666666666666
ŚLĄSKIE,2,2022,4.133333333333333
ŚWIĘTOKRZYSKIE,2,2022,8.033333333333333
DOLNOŚLĄSKIE,3,2022,4.5
KUJAWSKO-POMORSKIE,3,2022,7.166666666666667
LUBELSKIE,3,2022,7.8999999999999995
LUBUSKIE,3,2022,4.266666666666667
MAZOWIECKIE,3,2022,4.266666666666667
MAŁOPOLSKIE,3,2022,4.5
OPOLSKIE,3,2022,5.966666666666666
PODKARPACKIE,3,2022,8.766666666666667
PODLASKIE,3,2022,7.2
POLSKA,3,2022,5.166666666666667
POMORSKIE,3,2022,4.433333333333334
WARMIŃSKO-MAZURSKIE,3,2022,8.1
WIELKOPOLSKIE,3,2022,2.7999999999999994
ZACHODNIOPOMORSKIE,3,2022,6.466666666666666
ŁÓDZKIE,3,2022,5.7
ŚLĄSKIE,3,2022,3.8333333333333335
ŚWIĘTOKRZYSKIE,3,2022,7.666666666666667
DOLNOŚLĄSKIE,4,2022,4.433333333333334
KUJAWSKO-POMORSKIE,4,2022,7.2
LUBELSKIE,4,2022,7.8999999999999995
LUBUSKIE,4,2022,4.3
MAZOWIECKIE,4,2022,4.233333333333333
MAŁOPOLSKIE,4,2022,4.466666666666667
OPOLSKIE,4,2022,5.933333333333334
PODKARPACKIE,4,2022,8.733333333333333
PODLASKIE,4,2022,7.1000000000000005
POLSKA,4,2022,5.133333333333333
POMORSKIE,4,2022,4.533333333333333
WARMIŃSKO-MAZURSKIE,4,2022,8.466666666666667
WIELKOPOLSKIE,4,2022,2.8666666666666667
ZACHODNIOPOMORSKIE,4,2022,6.6000000000000005
ŁÓDZKIE,4,2022,5.466666666666666
ŚLĄSKIE,4,2022,3.6666666666666665
ŚWIĘTOKRZYSKIE,4,2022,7.6000000000000005
DOLNOŚLĄSKIE,1,2023,4.766666666666667
KUJAWSKO-POMORSKIE,1,2023,7.7
LUBELSKIE,1,2023,8.266666666666667
LUBUSKIE,1,2023,4.766666666666667
MAZOWIECKIE,1,2023,4.466666666666667
MAŁOPOLSKIE,1,2023,4.666666666666667
OPOLSKIE,1,2023,6.3
PODKARPACKIE,1,2023,9.1
PODLASKIE,1,2023,7.333333333333333
POLSKA,1,2023,5.5
POMORSKIE,1,2023,4.933333333333334
WARMIŃSKO-MAZURSKIE,1,2023,9.133333333333333
WIELKOPOLSKIE,1,2023,3.2000000000000006
ZACHODNIOPOMORSKIE,1,2023,7.133333333333333
ŁÓDZKIE,1,2023,5.733333333333333
ŚLĄSKIE,1,2023,3.966666666666667
ŚWIĘTOKRZYSKIE,1,2023,8.299999999999999
DOLNOŚLĄSKIE,2,2023,4.5
KUJAWSKO-POMORSKIE,2,2023,7.166666666666667
LUBELSKIE,2,2023,7.666666666666667
LUBUSKIE,2,2023,4.333333333333333
MAZOWIECKIE,2,2023,4.2
MAŁOPOLSKIE,2,2023,4.333333333333333
OPOLSKIE,2,2023,6.1000000000000005
PODKARPACKIE,2,2023,8.6
PODLASKIE,2,2023,6.933333333333334
POLSKA,2,2023,5.166666666666667
POMORSKIE,2,2023,4.6000000000000005
WARMIŃSKO-MAZURSKIE,2,2023,8.433333333333332
WIELKOPOLSKIE,2,2023,3.033333333333333
ZACHODNIOPOMORSKIE,2,2023,6.633333333333333
ŁÓDZKIE,2,2023,5.633333333333333
ŚLĄSKIE,2,2023,3.733333333333333
ŚWIĘTOKRZYSKIE,2,2023,7.8
DOLNOŚLĄSKIE,3,2023,4.4
KUJAWSKO-POMORSKIE,3,2023,6.933333333333334
LUBELSKIE,3,2023,7.366666666666667
LUBUSKIE,3,2023,4.266666666666667
MAZOWIECKIE,3,2023,4.1
MAŁOPOLSKIE,3,2023,4.166666666666667
OPOLSKIE,3,2023,5.866666666666667
PODKARPACKIE,3,2023,8.366666666666667
PODLASKIE,3,2023,6.866666666666667
POLSKA,3,2023,5.0
POMORSKIE,3,2023,4.5
WARMIŃSKO-MAZURSKIE,3,2023,7.933333333333334
WIELKOPOLSKIE,3,2023,3.0
ZACHODNIOPOMORSKIE,3,2023,6.466666666666666
ŁÓDZKIE,3,2023,5.466666666666666
ŚLĄSKIE,3,2023,3.7000000000000006
ŚWIĘTOKRZYSKIE,3,2023,7.633333333333333
DOLNOŚLĄSKIE,4,2023,4.366666666666667
KUJAWSKO-POMORSKIE,4,2023,6.933333333333334
LUBELSKIE,4,2023,7.3999999999999995
LUBUSKIE,4,2023,4.3
MAZOWIECKIE,4,2023,4.066666666666666
MAŁOPOLSKIE,4,2023,4.133333333333333
OPOLSKIE,4,2023,5.7
PODKARPACKIE,4,2023,8.466666666666667
PODLASKIE,4,2023,6.866666666666667
POLSKA,4,2023,5.033333333333333
POMORSKIE,4,2023,4.6
WARMIŃSKO-MAZURSKIE,4,2023,8.066666666666668
WIELKOPOLSKIE,4,2023,2.966666666666667
ZACHODNIOPOMORSKIE,4,2023,6.6000000000000005
ŁÓDZKIE,4,2023,5.333333333333333
ŚLĄSKIE,4,2023,3.5666666666666664
ŚWIĘTOKRZYSKIE,4,2023,7.6000000000000005
DOLNOŚLĄSKIE,1,2024,4.8
KUJAWSKO-POMORSKIE,1,2024,7.533333333333334
LUBELSKIE,1,2024,7.866666666666667
LUBUSKIE,1,2024,4.7
MAZOWIECKIE,1,2024,4.266666666666667
MAŁOPOLSKIE,1,2024,4.466666666666667
OPOLSKIE,1,2024,6.133333333333333
PODKARPACKIE,1,2024,9.0
PODLASKIE,1,2024,7.266666666666667
POLSKA,1,2024,5.366666666666667
POMORSKIE,1,2024,4.933333333333334
WARMIŃSKO-MAZURSKIE,1,2024,8.866666666666667
WIELKOPOLSKIE,1,2024,3.233333333333333
ZACHODNIOPOMORSKIE,1,2024,7.2
ŁÓDZKIE,1,2024,5.733333333333333
ŚLĄSKIE,1,2024,3.8333333333333335
ŚWIĘTOKRZYSKIE,1,2024,8.1
DOLNOŚLĄSKIE,2,2024,4.6000000000000005
KUJAWSKO-POMORSKIE,2,2024,7.1000000000000005
LUBELSKIE,2,2024,7.366666666666667
LUBUSKIE,2,2024,4.3999999999999995
MAZOWIECKIE,2,2024,4.066666666666666
MAŁOPOLSKIE,2,2024,4.2
OPOLSKIE,2,2024,5.7
PODKARPACKIE,2,2024,8.4
PODLASKIE,2,2024,6.833333333333333
POLSKA,2,2024,5.0
POMORSKIE,2,2024,4.666666666666667
WARMIŃSKO-MAZURSKIE,2,2024,7.933333333333334
WIELKOPOLSKIE,2,2024,3.0
ZACHODNIOPOMORSKIE,2,2024,6.7
ŁÓDZKIE,2,2024,5.433333333333334
ŚLĄSKIE,2,2024,3.6333333333333333
ŚWIĘTOKRZYSKIE,2,2024,7.433333333333334
DOLNOŚLĄSKIE,3,2024,4.6
KUJAWSKO-POMORSKIE,3,2024,6.966666666666666
LUBELSKIE,3,2024,7.233333333333333
LUBUSKIE,3,2024,4.333333333333333
MAZOWIECKIE,3,2024,4.066666666666666
MAŁOPOLSKIE,3,2024,4.1
OPOLSKIE,3,2024,5.733333333333333
PODKARPACKIE,3,2024,8.433333333333334
PODLASKIE,3,2024,6.833333333333333
POLSKA,3,2024,5.0
POMORSKIE,3,2024,4.466666666666667
WARMIŃSKO-MAZURSKIE,3,2024,7.766666666666667
WIELKOPOLSKIE,3,2024,2.966666666666667
ZACHODNIOPOMORSKIE,3,2024,6.533333333333334
ŁÓDZKIE,3,2024,5.400000000000001
ŚLĄSKIE,3,2024,3.6
ŚWIĘTOKRZYSKIE,3,2024,7.400000000000001
DOLNOŚLĄSKIE,4,2024,4.566666666666666
KUJAWSKO-POMORSKIE,4,2024,7.133333333333333
LUBELSKIE,4,2024,7.233333333333333
LUBUSKIE,4,2024,4.3999999999999995
MAZOWIECKIE,4,2024,4.0
MAŁOPOLSKIE,4,2024,4.133333333333333
OPOLSKIE,4,2024,5.766666666666667
PODKARPACKIE,4,2024,8.466666666666667
PODLASKIE,4,2024,6.833333333333333
POLSKA,4,2024,5.0
POMORSKIE,4,2024,4.566666666666666
WARMIŃSKO-MAZURSKIE,4,2024,8.066666666666668
WIELKOPOLSKIE,4,2024,2.9333333333333336
ZACHODNIOPOMORSKIE,4,2024,6.666666666666667
ŁÓDZKIE,4,2024,5.333333333333333
ŚLĄSKIE,4,2024,3.533333333333333
ŚWIĘTOKRZYSKIE,4,2024,7.3999999999999995
